0
[2]
0
:
17602
1
:
786
1
[2]
0
:
17602
1
:
786
2
[2]
0
:
17602
1
:
786
3
[2]
0
:
17602
1
:
786
4
[2]
0
:
17470
1
:
647
5
[2]
0
:
16548
1
:
525
6
[2]
0
:
15971
1
:
1208
7
[2]
0
:
15717
1
:
1006
8
[2]
0
:
15750
1
:
1290
9
[2]
0
:
15888
1
:
1426
10
[2]
0
:
14916
1
:
621
11
[2]
0
:
15047
1
:
1471
12
[2]
0
:
15049
1
:
1485
13
[2]
0
:
15032
1
:
1449
14
[2]
0
:
15416
1
:
1346
15
[2]
0
:
15774
1
:
1419
16
[2]
0
:
15811
1
:
3153
17
[2]
0
:
15929
1
:
2919
18
[2]
0
:
16137
1
:
3104
19
[2]
0
:
16418
1
:
3587
20
[2]
0
:
16115
1
:
3162
21
[2]
0
:
16437
1
:
3046
22
[2]
0
:
16413
1
:
2991
23
[2]
0
:
16292
1
:
3071
24
[2]
0
:
16505
1
:
3447
25
[2]
0
:
15956
1
:
3410
26
[2]
0
:
14219
1
:
3667
27
[2]
0
:
12969
1
:
4869
28
[2]
0
:
12666
1
:
7218
29
[2]
0
:
11865
1
:
9512
30
[2]
0
:
11648
1
:
10814
31
[2]
0
:
11963
1
:
10521
32
[2]
0
:
12115
1
:
10631
33
[2]
0
:
12120
1
:
10657
34
[2]
0
:
12091
1
:
10666
35
[2]
0
:
12045
1
:
10599
36
[2]
0
:
12032
1
:
10604
37
[2]
0
:
12125
1
:
10688
38
[2]
0
:
12198
1
:
10765
39
[2]
0
:
12228
1
:
10795
40
[2]
0
:
12263
1
:
10829
41
[2]
0
:
12344
1
:
10907
42
[2]
0
:
12313
1
:
10887
43
[2]
0
:
12085
1
:
10641
44
[2]
0
:
11560
1
:
10977
45
[2]
0
:
11724
1
:
10609
46
[2]
0
:
11578
1
:
10799
47
[2]
0
:
11753
1
:
10697
48
[2]
0
:
11791
1
:
10759
49
[2]
0
:
11775
1
:
10839
50
[2]
0
:
11629
1
:
10793